{
 "cells": [
  {
   "cell_type": "markdown",
   "metadata": {
    "id": "T0ExKNrmQwxy"
   },
   "source": [
    "# Baseball case study\n",
    "This dataset utilizes data from 2014 Major League Baseball seasons in order to develop an algorithm that predicts the number of wins for a given team in the 2015 season based on several different indicators of success.There are 16 different features that will be used as the inputs to the machine learning and the output will be a value that represents the number of wins. \n",
    "-- Input features: Runs, At Bats, Hits, Doubles, Triples, Homeruns, Walks, Strikeouts,Stolen Bases, Runs Allowed, Earned Runs, Earned Run Average (ERA), Shutouts, Saves, and Errors\n",
    "\n",
    "-- Output: Number of predicted wins (W)\n",
    "\n",
    "-- General Approach: For predicting the number of wins a baseball team will attain -- based on the given input features, a linear regression approach is neccessary. \n",
    "\n",
    "Dataset available\n",
    "https://github.com/saxenashailesh199/BASEBALL-PROJECT\n"
   ]
  },
  {
   "cell_type": "code",
   "execution_count": 1,
   "metadata": {},
   "outputs": [],
   "source": [
    "import warnings\n",
    "warnings.filterwarnings(\"ignore\")"
   ]
  },
  {
   "cell_type": "code",
   "execution_count": 2,
   "metadata": {
    "id": "PrpmlSpmQwyB",
    "outputId": "7433e2ae-30fe-4579-8dff-4de0138d28ee"
   },
   "outputs": [],
   "source": [
    "import pandas as pd"
   ]
  },
  {
   "cell_type": "code",
   "execution_count": 3,
   "metadata": {},
   "outputs": [],
   "source": [
    "import numpy as np\n",
    "import seaborn as sns \n",
    "import matplotlib.pyplot as plt"
   ]
  },
  {
   "cell_type": "code",
   "execution_count": 4,
   "metadata": {},
   "outputs": [
    {
     "data": {
      "text/html": [
       "<div>\n",
       "<style scoped>\n",
       "    .dataframe tbody tr th:only-of-type {\n",
       "        vertical-align: middle;\n",
       "    }\n",
       "\n",
       "    .dataframe tbody tr th {\n",
       "        vertical-align: top;\n",
       "    }\n",
       "\n",
       "    .dataframe thead th {\n",
       "        text-align: right;\n",
       "    }\n",
       "</style>\n",
       "<table border=\"1\" class=\"dataframe\">\n",
       "  <thead>\n",
       "    <tr style=\"text-align: right;\">\n",
       "      <th></th>\n",
       "      <th>W</th>\n",
       "      <th>R</th>\n",
       "      <th>AB</th>\n",
       "      <th>H</th>\n",
       "      <th>2B</th>\n",
       "      <th>3B</th>\n",
       "      <th>HR</th>\n",
       "      <th>BB</th>\n",
       "      <th>SO</th>\n",
       "      <th>SB</th>\n",
       "      <th>RA</th>\n",
       "      <th>ER</th>\n",
       "      <th>ERA</th>\n",
       "      <th>CG</th>\n",
       "      <th>SHO</th>\n",
       "      <th>SV</th>\n",
       "      <th>E</th>\n",
       "    </tr>\n",
       "  </thead>\n",
       "  <tbody>\n",
       "    <tr>\n",
       "      <th>0</th>\n",
       "      <td>95</td>\n",
       "      <td>724</td>\n",
       "      <td>5575</td>\n",
       "      <td>1497</td>\n",
       "      <td>300</td>\n",
       "      <td>42</td>\n",
       "      <td>139</td>\n",
       "      <td>383</td>\n",
       "      <td>973</td>\n",
       "      <td>104</td>\n",
       "      <td>641</td>\n",
       "      <td>601</td>\n",
       "      <td>3.73</td>\n",
       "      <td>2</td>\n",
       "      <td>8</td>\n",
       "      <td>56</td>\n",
       "      <td>88</td>\n",
       "    </tr>\n",
       "    <tr>\n",
       "      <th>1</th>\n",
       "      <td>83</td>\n",
       "      <td>696</td>\n",
       "      <td>5467</td>\n",
       "      <td>1349</td>\n",
       "      <td>277</td>\n",
       "      <td>44</td>\n",
       "      <td>156</td>\n",
       "      <td>439</td>\n",
       "      <td>1264</td>\n",
       "      <td>70</td>\n",
       "      <td>700</td>\n",
       "      <td>653</td>\n",
       "      <td>4.07</td>\n",
       "      <td>2</td>\n",
       "      <td>12</td>\n",
       "      <td>45</td>\n",
       "      <td>86</td>\n",
       "    </tr>\n",
       "    <tr>\n",
       "      <th>2</th>\n",
       "      <td>81</td>\n",
       "      <td>669</td>\n",
       "      <td>5439</td>\n",
       "      <td>1395</td>\n",
       "      <td>303</td>\n",
       "      <td>29</td>\n",
       "      <td>141</td>\n",
       "      <td>533</td>\n",
       "      <td>1157</td>\n",
       "      <td>86</td>\n",
       "      <td>640</td>\n",
       "      <td>584</td>\n",
       "      <td>3.67</td>\n",
       "      <td>11</td>\n",
       "      <td>10</td>\n",
       "      <td>38</td>\n",
       "      <td>79</td>\n",
       "    </tr>\n",
       "    <tr>\n",
       "      <th>3</th>\n",
       "      <td>76</td>\n",
       "      <td>622</td>\n",
       "      <td>5533</td>\n",
       "      <td>1381</td>\n",
       "      <td>260</td>\n",
       "      <td>27</td>\n",
       "      <td>136</td>\n",
       "      <td>404</td>\n",
       "      <td>1231</td>\n",
       "      <td>68</td>\n",
       "      <td>701</td>\n",
       "      <td>643</td>\n",
       "      <td>3.98</td>\n",
       "      <td>7</td>\n",
       "      <td>9</td>\n",
       "      <td>37</td>\n",
       "      <td>101</td>\n",
       "    </tr>\n",
       "    <tr>\n",
       "      <th>4</th>\n",
       "      <td>74</td>\n",
       "      <td>689</td>\n",
       "      <td>5605</td>\n",
       "      <td>1515</td>\n",
       "      <td>289</td>\n",
       "      <td>49</td>\n",
       "      <td>151</td>\n",
       "      <td>455</td>\n",
       "      <td>1259</td>\n",
       "      <td>83</td>\n",
       "      <td>803</td>\n",
       "      <td>746</td>\n",
       "      <td>4.64</td>\n",
       "      <td>7</td>\n",
       "      <td>12</td>\n",
       "      <td>35</td>\n",
       "      <td>86</td>\n",
       "    </tr>\n",
       "  </tbody>\n",
       "</table>\n",
       "</div>"
      ],
      "text/plain": [
       "    W    R    AB     H   2B  3B   HR   BB    SO   SB   RA   ER   ERA  CG  SHO  \\\n",
       "0  95  724  5575  1497  300  42  139  383   973  104  641  601  3.73   2    8   \n",
       "1  83  696  5467  1349  277  44  156  439  1264   70  700  653  4.07   2   12   \n",
       "2  81  669  5439  1395  303  29  141  533  1157   86  640  584  3.67  11   10   \n",
       "3  76  622  5533  1381  260  27  136  404  1231   68  701  643  3.98   7    9   \n",
       "4  74  689  5605  1515  289  49  151  455  1259   83  803  746  4.64   7   12   \n",
       "\n",
       "   SV    E  \n",
       "0  56   88  \n",
       "1  45   86  \n",
       "2  38   79  \n",
       "3  37  101  \n",
       "4  35   86  "
      ]
     },
     "execution_count": 4,
     "metadata": {},
     "output_type": "execute_result"
    }
   ],
   "source": [
    "df=pd.read_csv(\"baseball.csv\")\n",
    "df.head()"
   ]
  },
  {
   "cell_type": "code",
   "execution_count": 5,
   "metadata": {
    "id": "MeJnOesTQwyE",
    "outputId": "829ebc93-639c-4d96-a7d1-7e2e0c263cb8"
   },
   "outputs": [
    {
     "data": {
      "text/plain": [
       "(30, 17)"
      ]
     },
     "execution_count": 5,
     "metadata": {},
     "output_type": "execute_result"
    }
   ],
   "source": [
    "df.shape"
   ]
  },
  {
   "cell_type": "code",
   "execution_count": 6,
   "metadata": {
    "id": "GU1WgerOQwyF",
    "outputId": "d17fca1b-5c56-4ecf-a950-b6e9377bbc22"
   },
   "outputs": [
    {
     "data": {
      "text/plain": [
       "W      0\n",
       "R      0\n",
       "AB     0\n",
       "H      0\n",
       "2B     0\n",
       "3B     0\n",
       "HR     0\n",
       "BB     0\n",
       "SO     0\n",
       "SB     0\n",
       "RA     0\n",
       "ER     0\n",
       "ERA    0\n",
       "CG     0\n",
       "SHO    0\n",
       "SV     0\n",
       "E      0\n",
       "dtype: int64"
      ]
     },
     "execution_count": 6,
     "metadata": {},
     "output_type": "execute_result"
    }
   ],
   "source": [
    "#lets check the null valuewithout using visualisation\n",
    "\n",
    "df.isnull().sum()"
   ]
  },
  {
   "cell_type": "markdown",
   "metadata": {},
   "source": [
    "# Checking the Outliers"
   ]
  },
  {
   "cell_type": "code",
   "execution_count": 7,
   "metadata": {
    "id": "y1Zf6fO2QwyI",
    "outputId": "f6c53a25-40ab-44e4-a01a-ff2a2339abf7"
   },
   "outputs": [
    {
     "name": "stdout",
     "output_type": "stream",
     "text": [
      "(30, 17)\n"
     ]
    }
   ],
   "source": [
    "#lets check whether their are outliers present in the dataset or not\n",
    "from scipy.stats import zscore\n",
    "\n",
    "z_score=abs(zscore(df))\n",
    "print(df.shape)"
   ]
  },
  {
   "cell_type": "code",
   "execution_count": 8,
   "metadata": {
    "id": "w80sO_TnQwyJ",
    "outputId": "98280ecd-7606-41d6-acb1-2478d2ec1ccc"
   },
   "outputs": [
    {
     "name": "stdout",
     "output_type": "stream",
     "text": [
      "(29, 17)\n"
     ]
    }
   ],
   "source": [
    "df_baseball_final= df.loc[(z_score<3).all(axis=1)]\n",
    "print(df_baseball_final.shape)"
   ]
  },
  {
   "cell_type": "markdown",
   "metadata": {},
   "source": [
    "# Check The Correlation"
   ]
  },
  {
   "cell_type": "code",
   "execution_count": 9,
   "metadata": {},
   "outputs": [
    {
     "data": {
      "text/html": [
       "<div>\n",
       "<style scoped>\n",
       "    .dataframe tbody tr th:only-of-type {\n",
       "        vertical-align: middle;\n",
       "    }\n",
       "\n",
       "    .dataframe tbody tr th {\n",
       "        vertical-align: top;\n",
       "    }\n",
       "\n",
       "    .dataframe thead th {\n",
       "        text-align: right;\n",
       "    }\n",
       "</style>\n",
       "<table border=\"1\" class=\"dataframe\">\n",
       "  <thead>\n",
       "    <tr style=\"text-align: right;\">\n",
       "      <th></th>\n",
       "      <th>W</th>\n",
       "      <th>R</th>\n",
       "      <th>AB</th>\n",
       "      <th>H</th>\n",
       "      <th>2B</th>\n",
       "      <th>3B</th>\n",
       "      <th>HR</th>\n",
       "      <th>BB</th>\n",
       "      <th>SO</th>\n",
       "      <th>SB</th>\n",
       "      <th>RA</th>\n",
       "      <th>ER</th>\n",
       "      <th>ERA</th>\n",
       "      <th>CG</th>\n",
       "      <th>SHO</th>\n",
       "      <th>SV</th>\n",
       "      <th>E</th>\n",
       "    </tr>\n",
       "  </thead>\n",
       "  <tbody>\n",
       "    <tr>\n",
       "      <th>W</th>\n",
       "      <td>1.000000</td>\n",
       "      <td>0.390451</td>\n",
       "      <td>-0.085780</td>\n",
       "      <td>-0.018360</td>\n",
       "      <td>0.384886</td>\n",
       "      <td>-0.206737</td>\n",
       "      <td>0.245697</td>\n",
       "      <td>0.447513</td>\n",
       "      <td>0.156469</td>\n",
       "      <td>-0.169503</td>\n",
       "      <td>-0.823176</td>\n",
       "      <td>-0.815308</td>\n",
       "      <td>-0.826952</td>\n",
       "      <td>0.029594</td>\n",
       "      <td>0.497526</td>\n",
       "      <td>0.749290</td>\n",
       "      <td>-0.072858</td>\n",
       "    </tr>\n",
       "    <tr>\n",
       "      <th>R</th>\n",
       "      <td>0.390451</td>\n",
       "      <td>1.000000</td>\n",
       "      <td>0.438022</td>\n",
       "      <td>0.433525</td>\n",
       "      <td>0.469293</td>\n",
       "      <td>0.134204</td>\n",
       "      <td>0.586894</td>\n",
       "      <td>0.258450</td>\n",
       "      <td>0.081158</td>\n",
       "      <td>0.075323</td>\n",
       "      <td>-0.013858</td>\n",
       "      <td>0.007727</td>\n",
       "      <td>-0.009122</td>\n",
       "      <td>0.101438</td>\n",
       "      <td>-0.085108</td>\n",
       "      <td>0.061381</td>\n",
       "      <td>0.043123</td>\n",
       "    </tr>\n",
       "    <tr>\n",
       "      <th>AB</th>\n",
       "      <td>-0.085780</td>\n",
       "      <td>0.438022</td>\n",
       "      <td>1.000000</td>\n",
       "      <td>0.769159</td>\n",
       "      <td>0.490752</td>\n",
       "      <td>0.445604</td>\n",
       "      <td>-0.064653</td>\n",
       "      <td>-0.137850</td>\n",
       "      <td>-0.111243</td>\n",
       "      <td>0.373674</td>\n",
       "      <td>0.315499</td>\n",
       "      <td>0.309146</td>\n",
       "      <td>0.254872</td>\n",
       "      <td>-0.078511</td>\n",
       "      <td>-0.198872</td>\n",
       "      <td>-0.113342</td>\n",
       "      <td>0.316297</td>\n",
       "    </tr>\n",
       "    <tr>\n",
       "      <th>H</th>\n",
       "      <td>-0.018360</td>\n",
       "      <td>0.433525</td>\n",
       "      <td>0.769159</td>\n",
       "      <td>1.000000</td>\n",
       "      <td>0.528016</td>\n",
       "      <td>0.582024</td>\n",
       "      <td>-0.218711</td>\n",
       "      <td>-0.222271</td>\n",
       "      <td>-0.371861</td>\n",
       "      <td>0.417877</td>\n",
       "      <td>0.244606</td>\n",
       "      <td>0.280571</td>\n",
       "      <td>0.256458</td>\n",
       "      <td>0.092577</td>\n",
       "      <td>-0.135116</td>\n",
       "      <td>-0.079814</td>\n",
       "      <td>-0.011945</td>\n",
       "    </tr>\n",
       "    <tr>\n",
       "      <th>2B</th>\n",
       "      <td>0.384886</td>\n",
       "      <td>0.469293</td>\n",
       "      <td>0.490752</td>\n",
       "      <td>0.528016</td>\n",
       "      <td>1.000000</td>\n",
       "      <td>0.342419</td>\n",
       "      <td>-0.098695</td>\n",
       "      <td>0.211243</td>\n",
       "      <td>-0.096772</td>\n",
       "      <td>0.194308</td>\n",
       "      <td>-0.215196</td>\n",
       "      <td>-0.224993</td>\n",
       "      <td>-0.248212</td>\n",
       "      <td>0.244856</td>\n",
       "      <td>0.084060</td>\n",
       "      <td>0.269999</td>\n",
       "      <td>0.145032</td>\n",
       "    </tr>\n",
       "    <tr>\n",
       "      <th>3B</th>\n",
       "      <td>-0.206737</td>\n",
       "      <td>0.134204</td>\n",
       "      <td>0.445604</td>\n",
       "      <td>0.582024</td>\n",
       "      <td>0.342419</td>\n",
       "      <td>1.000000</td>\n",
       "      <td>-0.369299</td>\n",
       "      <td>-0.404852</td>\n",
       "      <td>-0.196586</td>\n",
       "      <td>0.483818</td>\n",
       "      <td>0.312750</td>\n",
       "      <td>0.333731</td>\n",
       "      <td>0.325883</td>\n",
       "      <td>-0.003733</td>\n",
       "      <td>-0.058896</td>\n",
       "      <td>-0.210627</td>\n",
       "      <td>0.108610</td>\n",
       "    </tr>\n",
       "    <tr>\n",
       "      <th>HR</th>\n",
       "      <td>0.245697</td>\n",
       "      <td>0.586894</td>\n",
       "      <td>-0.064653</td>\n",
       "      <td>-0.218711</td>\n",
       "      <td>-0.098695</td>\n",
       "      <td>-0.369299</td>\n",
       "      <td>1.000000</td>\n",
       "      <td>0.336814</td>\n",
       "      <td>0.479914</td>\n",
       "      <td>-0.166072</td>\n",
       "      <td>-0.092586</td>\n",
       "      <td>-0.062094</td>\n",
       "      <td>-0.070756</td>\n",
       "      <td>0.065978</td>\n",
       "      <td>0.005546</td>\n",
       "      <td>0.066984</td>\n",
       "      <td>-0.189790</td>\n",
       "    </tr>\n",
       "    <tr>\n",
       "      <th>BB</th>\n",
       "      <td>0.447513</td>\n",
       "      <td>0.258450</td>\n",
       "      <td>-0.137850</td>\n",
       "      <td>-0.222271</td>\n",
       "      <td>0.211243</td>\n",
       "      <td>-0.404852</td>\n",
       "      <td>0.336814</td>\n",
       "      <td>1.000000</td>\n",
       "      <td>0.315566</td>\n",
       "      <td>-0.117622</td>\n",
       "      <td>-0.425381</td>\n",
       "      <td>-0.455832</td>\n",
       "      <td>-0.465794</td>\n",
       "      <td>0.417437</td>\n",
       "      <td>0.473922</td>\n",
       "      <td>0.187101</td>\n",
       "      <td>-0.050114</td>\n",
       "    </tr>\n",
       "    <tr>\n",
       "      <th>SO</th>\n",
       "      <td>0.156469</td>\n",
       "      <td>0.081158</td>\n",
       "      <td>-0.111243</td>\n",
       "      <td>-0.371861</td>\n",
       "      <td>-0.096772</td>\n",
       "      <td>-0.196586</td>\n",
       "      <td>0.479914</td>\n",
       "      <td>0.315566</td>\n",
       "      <td>1.000000</td>\n",
       "      <td>0.038188</td>\n",
       "      <td>-0.140570</td>\n",
       "      <td>-0.177655</td>\n",
       "      <td>-0.195362</td>\n",
       "      <td>-0.053075</td>\n",
       "      <td>0.231230</td>\n",
       "      <td>0.091394</td>\n",
       "      <td>0.142740</td>\n",
       "    </tr>\n",
       "    <tr>\n",
       "      <th>SB</th>\n",
       "      <td>-0.169503</td>\n",
       "      <td>0.075323</td>\n",
       "      <td>0.373674</td>\n",
       "      <td>0.417877</td>\n",
       "      <td>0.194308</td>\n",
       "      <td>0.483818</td>\n",
       "      <td>-0.166072</td>\n",
       "      <td>-0.117622</td>\n",
       "      <td>0.038188</td>\n",
       "      <td>1.000000</td>\n",
       "      <td>0.134315</td>\n",
       "      <td>0.146243</td>\n",
       "      <td>0.128848</td>\n",
       "      <td>-0.030708</td>\n",
       "      <td>-0.104602</td>\n",
       "      <td>-0.179741</td>\n",
       "      <td>0.082702</td>\n",
       "    </tr>\n",
       "    <tr>\n",
       "      <th>RA</th>\n",
       "      <td>-0.823176</td>\n",
       "      <td>-0.013858</td>\n",
       "      <td>0.315499</td>\n",
       "      <td>0.244606</td>\n",
       "      <td>-0.215196</td>\n",
       "      <td>0.312750</td>\n",
       "      <td>-0.092586</td>\n",
       "      <td>-0.425381</td>\n",
       "      <td>-0.140570</td>\n",
       "      <td>0.134315</td>\n",
       "      <td>1.000000</td>\n",
       "      <td>0.991286</td>\n",
       "      <td>0.986781</td>\n",
       "      <td>-0.005288</td>\n",
       "      <td>-0.641579</td>\n",
       "      <td>-0.642734</td>\n",
       "      <td>0.195846</td>\n",
       "    </tr>\n",
       "    <tr>\n",
       "      <th>ER</th>\n",
       "      <td>-0.815308</td>\n",
       "      <td>0.007727</td>\n",
       "      <td>0.309146</td>\n",
       "      <td>0.280571</td>\n",
       "      <td>-0.224993</td>\n",
       "      <td>0.333731</td>\n",
       "      <td>-0.062094</td>\n",
       "      <td>-0.455832</td>\n",
       "      <td>-0.177655</td>\n",
       "      <td>0.146243</td>\n",
       "      <td>0.991286</td>\n",
       "      <td>1.000000</td>\n",
       "      <td>0.997261</td>\n",
       "      <td>-0.002865</td>\n",
       "      <td>-0.637293</td>\n",
       "      <td>-0.621875</td>\n",
       "      <td>0.131556</td>\n",
       "    </tr>\n",
       "    <tr>\n",
       "      <th>ERA</th>\n",
       "      <td>-0.826952</td>\n",
       "      <td>-0.009122</td>\n",
       "      <td>0.254872</td>\n",
       "      <td>0.256458</td>\n",
       "      <td>-0.248212</td>\n",
       "      <td>0.325883</td>\n",
       "      <td>-0.070756</td>\n",
       "      <td>-0.465794</td>\n",
       "      <td>-0.195362</td>\n",
       "      <td>0.128848</td>\n",
       "      <td>0.986781</td>\n",
       "      <td>0.997261</td>\n",
       "      <td>1.000000</td>\n",
       "      <td>0.006038</td>\n",
       "      <td>-0.637186</td>\n",
       "      <td>-0.637755</td>\n",
       "      <td>0.108191</td>\n",
       "    </tr>\n",
       "    <tr>\n",
       "      <th>CG</th>\n",
       "      <td>0.029594</td>\n",
       "      <td>0.101438</td>\n",
       "      <td>-0.078511</td>\n",
       "      <td>0.092577</td>\n",
       "      <td>0.244856</td>\n",
       "      <td>-0.003733</td>\n",
       "      <td>0.065978</td>\n",
       "      <td>0.417437</td>\n",
       "      <td>-0.053075</td>\n",
       "      <td>-0.030708</td>\n",
       "      <td>-0.005288</td>\n",
       "      <td>-0.002865</td>\n",
       "      <td>0.006038</td>\n",
       "      <td>1.000000</td>\n",
       "      <td>0.264346</td>\n",
       "      <td>-0.332806</td>\n",
       "      <td>-0.123447</td>\n",
       "    </tr>\n",
       "    <tr>\n",
       "      <th>SHO</th>\n",
       "      <td>0.497526</td>\n",
       "      <td>-0.085108</td>\n",
       "      <td>-0.198872</td>\n",
       "      <td>-0.135116</td>\n",
       "      <td>0.084060</td>\n",
       "      <td>-0.058896</td>\n",
       "      <td>0.005546</td>\n",
       "      <td>0.473922</td>\n",
       "      <td>0.231230</td>\n",
       "      <td>-0.104602</td>\n",
       "      <td>-0.641579</td>\n",
       "      <td>-0.637293</td>\n",
       "      <td>-0.637186</td>\n",
       "      <td>0.264346</td>\n",
       "      <td>1.000000</td>\n",
       "      <td>0.214175</td>\n",
       "      <td>-0.121484</td>\n",
       "    </tr>\n",
       "    <tr>\n",
       "      <th>SV</th>\n",
       "      <td>0.749290</td>\n",
       "      <td>0.061381</td>\n",
       "      <td>-0.113342</td>\n",
       "      <td>-0.079814</td>\n",
       "      <td>0.269999</td>\n",
       "      <td>-0.210627</td>\n",
       "      <td>0.066984</td>\n",
       "      <td>0.187101</td>\n",
       "      <td>0.091394</td>\n",
       "      <td>-0.179741</td>\n",
       "      <td>-0.642734</td>\n",
       "      <td>-0.621875</td>\n",
       "      <td>-0.637755</td>\n",
       "      <td>-0.332806</td>\n",
       "      <td>0.214175</td>\n",
       "      <td>1.000000</td>\n",
       "      <td>-0.045539</td>\n",
       "    </tr>\n",
       "    <tr>\n",
       "      <th>E</th>\n",
       "      <td>-0.072858</td>\n",
       "      <td>0.043123</td>\n",
       "      <td>0.316297</td>\n",
       "      <td>-0.011945</td>\n",
       "      <td>0.145032</td>\n",
       "      <td>0.108610</td>\n",
       "      <td>-0.189790</td>\n",
       "      <td>-0.050114</td>\n",
       "      <td>0.142740</td>\n",
       "      <td>0.082702</td>\n",
       "      <td>0.195846</td>\n",
       "      <td>0.131556</td>\n",
       "      <td>0.108191</td>\n",
       "      <td>-0.123447</td>\n",
       "      <td>-0.121484</td>\n",
       "      <td>-0.045539</td>\n",
       "      <td>1.000000</td>\n",
       "    </tr>\n",
       "  </tbody>\n",
       "</table>\n",
       "</div>"
      ],
      "text/plain": [
       "            W         R        AB         H        2B        3B        HR  \\\n",
       "W    1.000000  0.390451 -0.085780 -0.018360  0.384886 -0.206737  0.245697   \n",
       "R    0.390451  1.000000  0.438022  0.433525  0.469293  0.134204  0.586894   \n",
       "AB  -0.085780  0.438022  1.000000  0.769159  0.490752  0.445604 -0.064653   \n",
       "H   -0.018360  0.433525  0.769159  1.000000  0.528016  0.582024 -0.218711   \n",
       "2B   0.384886  0.469293  0.490752  0.528016  1.000000  0.342419 -0.098695   \n",
       "3B  -0.206737  0.134204  0.445604  0.582024  0.342419  1.000000 -0.369299   \n",
       "HR   0.245697  0.586894 -0.064653 -0.218711 -0.098695 -0.369299  1.000000   \n",
       "BB   0.447513  0.258450 -0.137850 -0.222271  0.211243 -0.404852  0.336814   \n",
       "SO   0.156469  0.081158 -0.111243 -0.371861 -0.096772 -0.196586  0.479914   \n",
       "SB  -0.169503  0.075323  0.373674  0.417877  0.194308  0.483818 -0.166072   \n",
       "RA  -0.823176 -0.013858  0.315499  0.244606 -0.215196  0.312750 -0.092586   \n",
       "ER  -0.815308  0.007727  0.309146  0.280571 -0.224993  0.333731 -0.062094   \n",
       "ERA -0.826952 -0.009122  0.254872  0.256458 -0.248212  0.325883 -0.070756   \n",
       "CG   0.029594  0.101438 -0.078511  0.092577  0.244856 -0.003733  0.065978   \n",
       "SHO  0.497526 -0.085108 -0.198872 -0.135116  0.084060 -0.058896  0.005546   \n",
       "SV   0.749290  0.061381 -0.113342 -0.079814  0.269999 -0.210627  0.066984   \n",
       "E   -0.072858  0.043123  0.316297 -0.011945  0.145032  0.108610 -0.189790   \n",
       "\n",
       "           BB        SO        SB        RA        ER       ERA        CG  \\\n",
       "W    0.447513  0.156469 -0.169503 -0.823176 -0.815308 -0.826952  0.029594   \n",
       "R    0.258450  0.081158  0.075323 -0.013858  0.007727 -0.009122  0.101438   \n",
       "AB  -0.137850 -0.111243  0.373674  0.315499  0.309146  0.254872 -0.078511   \n",
       "H   -0.222271 -0.371861  0.417877  0.244606  0.280571  0.256458  0.092577   \n",
       "2B   0.211243 -0.096772  0.194308 -0.215196 -0.224993 -0.248212  0.244856   \n",
       "3B  -0.404852 -0.196586  0.483818  0.312750  0.333731  0.325883 -0.003733   \n",
       "HR   0.336814  0.479914 -0.166072 -0.092586 -0.062094 -0.070756  0.065978   \n",
       "BB   1.000000  0.315566 -0.117622 -0.425381 -0.455832 -0.465794  0.417437   \n",
       "SO   0.315566  1.000000  0.038188 -0.140570 -0.177655 -0.195362 -0.053075   \n",
       "SB  -0.117622  0.038188  1.000000  0.134315  0.146243  0.128848 -0.030708   \n",
       "RA  -0.425381 -0.140570  0.134315  1.000000  0.991286  0.986781 -0.005288   \n",
       "ER  -0.455832 -0.177655  0.146243  0.991286  1.000000  0.997261 -0.002865   \n",
       "ERA -0.465794 -0.195362  0.128848  0.986781  0.997261  1.000000  0.006038   \n",
       "CG   0.417437 -0.053075 -0.030708 -0.005288 -0.002865  0.006038  1.000000   \n",
       "SHO  0.473922  0.231230 -0.104602 -0.641579 -0.637293 -0.637186  0.264346   \n",
       "SV   0.187101  0.091394 -0.179741 -0.642734 -0.621875 -0.637755 -0.332806   \n",
       "E   -0.050114  0.142740  0.082702  0.195846  0.131556  0.108191 -0.123447   \n",
       "\n",
       "          SHO        SV         E  \n",
       "W    0.497526  0.749290 -0.072858  \n",
       "R   -0.085108  0.061381  0.043123  \n",
       "AB  -0.198872 -0.113342  0.316297  \n",
       "H   -0.135116 -0.079814 -0.011945  \n",
       "2B   0.084060  0.269999  0.145032  \n",
       "3B  -0.058896 -0.210627  0.108610  \n",
       "HR   0.005546  0.066984 -0.189790  \n",
       "BB   0.473922  0.187101 -0.050114  \n",
       "SO   0.231230  0.091394  0.142740  \n",
       "SB  -0.104602 -0.179741  0.082702  \n",
       "RA  -0.641579 -0.642734  0.195846  \n",
       "ER  -0.637293 -0.621875  0.131556  \n",
       "ERA -0.637186 -0.637755  0.108191  \n",
       "CG   0.264346 -0.332806 -0.123447  \n",
       "SHO  1.000000  0.214175 -0.121484  \n",
       "SV   0.214175  1.000000 -0.045539  \n",
       "E   -0.121484 -0.045539  1.000000  "
      ]
     },
     "execution_count": 9,
     "metadata": {},
     "output_type": "execute_result"
    }
   ],
   "source": [
    "df_baseball_final.corr()"
   ]
  },
  {
   "cell_type": "markdown",
   "metadata": {},
   "source": [
    "# Assign THe Values"
   ]
  },
  {
   "cell_type": "code",
   "execution_count": 10,
   "metadata": {
    "id": "aUhZ9nm4QwyL"
   },
   "outputs": [],
   "source": [
    "x = df_baseball_final.drop(['W'],axis=1)\n",
    "y = df_baseball_final['W']"
   ]
  },
  {
   "cell_type": "markdown",
   "metadata": {},
   "source": [
    "# Handling the Skewness"
   ]
  },
  {
   "cell_type": "code",
   "execution_count": 11,
   "metadata": {},
   "outputs": [],
   "source": [
    "from scipy.stats import skew"
   ]
  },
  {
   "cell_type": "code",
   "execution_count": 12,
   "metadata": {},
   "outputs": [
    {
     "name": "stdout",
     "output_type": "stream",
     "text": [
      "W\n",
      "0.04470076997798572\n"
     ]
    },
    {
     "data": {
